"","Month","Num","Fee","Amortization","Interest","Balance"
"1","M",1,856.07,814.41,41.67,9185.59
"2","M",2,856.07,817.8,38.27,8367.79
"3","M",3,856.07,821.21,34.87,7546.58
"4","M",4,856.07,824.63,31.44,6721.95
"5","M",5,856.07,828.07,28.01,5893.88
"6","M",6,856.07,831.52,24.56,5062.37
"7","M",7,856.07,834.98,21.09,4227.39
"8","M",8,856.07,838.46,17.61,3388.92
"9","M",9,856.07,841.95,14.12,2546.97
"10","M",10,856.07,845.46,10.61,1701.51
"11","M",11,856.07,848.99,7.09,852.52
"12","M",12,856.07,852.52,3.55,0
